(kicad_pcb (version 20171130) (host pcbnew "(5.1.10)-1")

  (general
    (thickness 1.6)
    (drawings 7)
    (tracks 508)
    (zones 0)
    (modules 38)
    (nets 68)
  )

  (page A4)
  (layers
    (0 F.Cu signal)
    (1 In1.Cu signal)
    (2 In2.Cu signal)
    (31 B.Cu signal)
    (32 B.Adhes user)
    (33 F.Adhes user)
    (34 B.Paste user)
    (35 F.Paste user)
    (36 B.SilkS user)
    (37 F.SilkS user)
    (38 B.Mask user)
    (39 F.Mask user)
    (40 Dwgs.User user)
    (41 Cmts.User user)
    (42 Eco1.User user)
    (43 Eco2.User user)
    (44 Edge.Cuts user)
    (45 Margin user)
    (46 B.CrtYd user)
    (47 F.CrtYd user)
    (48 B.Fab user)
    (49 F.Fab user)
  )

  (setup
    (last_trace_width 0.25)
    (user_trace_width 0.2)
    (user_trace_width 0.254)
    (trace_clearance 0.2)
    (zone_clearance 0.508)
    (zone_45_only no)
    (trace_min 0.2)
    (via_size 0.8)
    (via_drill 0.4)
    (via_min_size 0.4)
    (via_min_drill 0.3)
    (user_via 0.4 0.3)
    (uvia_size 0.3)
    (uvia_drill 0.1)
    (uvias_allowed no)
    (uvia_min_size 0.2)
    (uvia_min_drill 0.1)
    (edge_width 0.05)
    (segment_width 0.2)
    (pcb_text_width 0.3)
    (pcb_text_size 1.5 1.5)
    (mod_edge_width 0.12)
    (mod_text_size 1 1)
    (mod_text_width 0.15)
    (pad_size 1.524 1.524)
    (pad_drill 0.762)
    (pad_to_mask_clearance 0)
    (aux_axis_origin 0 0)
    (visible_elements 7FFFFFFF)
    (pcbplotparams
      (layerselection 0x010fc_ffffffff)
      (usegerberextensions false)
      (usegerberattributes true)
      (usegerberadvancedattributes true)
      (creategerberjobfile true)
      (excludeedgelayer true)
      (linewidth 0.100000)
      (plotframeref false)
      (viasonmask false)
      (mode 1)
      (useauxorigin false)
      (hpglpennumber 1)
      (hpglpenspeed 20)
      (hpglpendiameter 15.000000)
      (psnegative false)
      (psa4output false)
      (plotreference true)
      (plotvalue true)
      (plotinvisibletext false)
      (padsonsilk false)
      (subtractmaskfromsilk false)
      (outputformat 1)
      (mirror false)
      (drillshape 1)
      (scaleselection 1)
      (outputdirectory ""))
  )

  (net 0 "")
  (net 1 GND)
  (net 2 +5V)
  (net 3 /VDD33)
  (net 4 /IO0)
  (net 5 /EN)
  (net 6 "Net-(D1-Pad2)")
  (net 7 /USB_DN)
  (net 8 /USB_DP)
  (net 9 /VBUS)
  (net 10 /DCD)
  (net 11 /RI)
  (net 12 "Net-(IC2-Pad8)")
  (net 13 "Net-(IC2-Pad9)")
  (net 14 "Net-(IC2-Pad10)")
  (net 15 "Net-(IC2-Pad11)")
  (net 16 "Net-(IC2-Pad12)")
  (net 17 "Net-(IC2-Pad13)")
  (net 18 "Net-(IC2-Pad14)")
  (net 19 "Net-(IC2-Pad15)")
  (net 20 "Net-(IC2-Pad16)")
  (net 21 "Net-(IC2-Pad17)")
  (net 22 "Net-(IC2-Pad18)")
  (net 23 "Net-(IC2-Pad19)")
  (net 24 "Net-(IC2-Pad20)")
  (net 25 "Net-(IC2-Pad21)")
  (net 26 "Net-(IC2-Pad22)")
  (net 27 /CTS)
  (net 28 /RTS)
  (net 29 /RXD)
  (net 30 /TXD)
  (net 31 /DSR)
  (net 32 /DTR)
  (net 33 "Net-(J1-Pad4)")
  (net 34 /CMD)
  (net 35 /SD3)
  (net 36 /SD2)
  (net 37 /IO13)
  (net 38 /IO12)
  (net 39 /IO14)
  (net 40 /IO27)
  (net 41 /IO26)
  (net 42 /IO25)
  (net 43 /IO33)
  (net 44 /IO32)
  (net 45 /IO35)
  (net 46 /IO34)
  (net 47 /SENSOR_VN)
  (net 48 /SENSOR_VP)
  (net 49 /IO23)
  (net 50 /IO22)
  (net 51 /TXD0)
  (net 52 /RXD0)
  (net 53 /IO21)
  (net 54 /IO19)
  (net 55 /IO18)
  (net 56 /IO5)
  (net 57 /IO17)
  (net 58 /IO16)
  (net 59 /IO4)
  (net 60 /IO2)
  (net 61 /IO15)
  (net 62 /SD1)
  (net 63 /SD0)
  (net 64 /CLK)
  (net 65 "Net-(Q1-Pad1)")
  (net 66 "Net-(Q2-Pad1)")
  (net 67 "Net-(U1-Pad32)")

  (net_class Default "This is the default net class."
    (clearance 0.2)
    (trace_width 0.25)
    (via_dia 0.8)
    (via_drill 0.4)
    (uvia_dia 0.3)
    (uvia_drill 0.1)
    (add_net +5V)
    (add_net /CLK)
    (add_net /CMD)
    (add_net /CTS)
    (add_net /DCD)
    (add_net /DSR)
    (add_net /DTR)
    (add_net /EN)
    (add_net /IO0)
    (add_net /IO12)
    (add_net /IO13)
    (add_net /IO14)
    (add_net /IO15)
    (add_net /IO16)
    (add_net /IO17)
    (add_net /IO18)
    (add_net /IO19)
    (add_net /IO2)
    (add_net /IO21)
    (add_net /IO22)
    (add_net /IO23)
    (add_net /IO25)
    (add_net /IO26)
    (add_net /IO27)
    (add_net /IO32)
    (add_net /IO33)
    (add_net /IO34)
    (add_net /IO35)
    (add_net /IO4)
    (add_net /IO5)
    (add_net /RI)
    (add_net /RTS)
    (add_net /RXD)
    (add_net /RXD0)
    (add_net /SD0)
    (add_net /SD1)
    (add_net /SD2)
    (add_net /SD3)
    (add_net /SENSOR_VN)
    (add_net /SENSOR_VP)
    (add_net /TXD)
    (add_net /TXD0)
    (add_net /USB_DN)
    (add_net /USB_DP)
    (add_net /VBUS)
    (add_net /VDD33)
    (add_net GND)
    (add_net "Net-(D1-Pad2)")
    (add_net "Net-(IC2-Pad10)")
    (add_net "Net-(IC2-Pad11)")
    (add_net "Net-(IC2-Pad12)")
    (add_net "Net-(IC2-Pad13)")
    (add_net "Net-(IC2-Pad14)")
    (add_net "Net-(IC2-Pad15)")
    (add_net "Net-(IC2-Pad16)")
    (add_net "Net-(IC2-Pad17)")
    (add_net "Net-(IC2-Pad18)")
    (add_net "Net-(IC2-Pad19)")
    (add_net "Net-(IC2-Pad20)")
    (add_net "Net-(IC2-Pad21)")
    (add_net "Net-(IC2-Pad22)")
    (add_net "Net-(IC2-Pad8)")
    (add_net "Net-(IC2-Pad9)")
    (add_net "Net-(J1-Pad4)")
    (add_net "Net-(Q1-Pad1)")
    (add_net "Net-(Q2-Pad1)")
    (add_net "Net-(U1-Pad32)")
  )

  (module RF_Module:ESP32-WROOM-32 (layer F.Cu) (tedit 5B5B4654) (tstamp 61364556)
    (at 168.91 73.66)
    (descr "Single 2.4 GHz Wi-Fi and Bluetooth combo chip https://www.espressif.com/sites/default/files/documentation/esp32-wroom-32_datasheet_en.pdf")
    (tags "Single 2.4 GHz Wi-Fi and Bluetooth combo  chip")
    (path /6138D744)
    (attr smd)
    (fp_text reference U1 (at -10.61 8.43 90) (layer F.SilkS)
      (effects (font (size 1 1) (thickness 0.15)))
    )
    (fp_text value ESP32-WROOM-32 (at 0 11.5) (layer F.Fab)
      (effects (font (size 1 1) (thickness 0.15)))
    )
    (fp_line (start -14 -9.97) (end -14 -20.75) (layer Dwgs.User) (width 0.1))
    (fp_line (start 9 9.76) (end 9 -15.745) (layer F.Fab) (width 0.1))
    (fp_line (start -9 9.76) (end 9 9.76) (layer F.Fab) (width 0.1))
    (fp_line (start -9 -15.745) (end -9 -10.02) (layer F.Fab) (width 0.1))
    (fp_line (start -9 -15.745) (end 9 -15.745) (layer F.Fab) (width 0.1))
    (fp_line (start -9.75 10.5) (end -9.75 -9.72) (layer F.CrtYd) (width 0.05))
    (fp_line (start -9.75 10.5) (end 9.75 10.5) (layer F.CrtYd) (width 0.05))
    (fp_line (start 9.75 -9.72) (end 9.75 10.5) (layer F.CrtYd) (width 0.05))
    (fp_line (start -14.25 -21) (end 14.25 -21) (layer F.CrtYd) (width 0.05))
    (fp_line (start -9 -9.02) (end -9 9.76) (layer F.Fab) (width 0.1))
    (fp_line (start -8.5 -9.52) (end -9 -10.02) (layer F.Fab) (width 0.1))
    (fp_line (start -9 -9.02) (end -8.5 -9.52) (layer F.Fab) (width 0.1))
    (fp_line (start 14 -9.97) (end -14 -9.97) (layer Dwgs.User) (width 0.1))
    (fp_line (start 14 -9.97) (end 14 -20.75) (layer Dwgs.User) (width 0.1))
    (fp_line (start 14 -20.75) (end -14 -20.75) (layer Dwgs.User) (width 0.1))
    (fp_line (start -14.25 -21) (end -14.25 -9.72) (layer F.CrtYd) (width 0.05))
    (fp_line (start 14.25 -21) (end 14.25 -9.72) (layer F.CrtYd) (width 0.05))
    (fp_line (start -14.25 -9.72) (end -9.75 -9.72) (layer F.CrtYd) (width 0.05))
    (fp_line (start 9.75 -9.72) (end 14.25 -9.72) (layer F.CrtYd) (width 0.05))
    (fp_line (start -12.525 -20.75) (end -14 -19.66) (layer Dwgs.User) (width 0.1))
    (fp_line (start -10.525 -20.75) (end -14 -18.045) (layer Dwgs.User) (width 0.1))
    (fp_line (start -8.525 -20.75) (end -14 -16.43) (layer Dwgs.User) (width 0.1))
    (fp_line (start -6.525 -20.75) (end -14 -14.815) (layer Dwgs.User) (width 0.1))
    (fp_line (start -4.525 -20.75) (end -14 -13.2) (layer Dwgs.User) (width 0.1))
    (fp_line (start -2.525 -20.75) (end -14 -11.585) (layer Dwgs.User) (width 0.1))
    (fp_line (start -0.525 -20.75) (end -14 -9.97) (layer Dwgs.User) (width 0.1))
    (fp_line (start 1.475 -20.75) (end -12 -9.97) (layer Dwgs.User) (width 0.1))
    (fp_line (start 3.475 -20.75) (end -10 -9.97) (layer Dwgs.User) (width 0.1))
    (fp_line (start -8 -9.97) (end 5.475 -20.75) (layer Dwgs.User) (width 0.1))
    (fp_line (start 7.475 -20.75) (end -6 -9.97) (layer Dwgs.User) (width 0.1))
    (fp_line (start 9.475 -20.75) (end -4 -9.97) (layer Dwgs.User) (width 0.1))
    (fp_line (start 11.475 -20.75) (end -2 -9.97) (layer Dwgs.User) (width 0.1))
    (fp_line (start 13.475 -20.75) (end 0 -9.97) (layer Dwgs.User) (width 0.1))
    (fp_line (start 14 -19.66) (end 2 -9.97) (layer Dwgs.User) (width 0.1))
    (fp_line (start 14 -18.045) (end 4 -9.97) (layer Dwgs.User) (width 0.1))
    (fp_line (start 14 -16.43) (end 6 -9.97) (layer Dwgs.User) (width 0.1))
    (fp_line (start 14 -14.815) (end 8 -9.97) (layer Dwgs.User) (width 0.1))
    (fp_line (start 14 -13.2) (end 10 -9.97) (layer Dwgs.User) (width 0.1))
    (fp_line (start 14 -11.585) (end 12 -9.97) (layer Dwgs.User) (width 0.1))
    (fp_line (start 9.2 -13.875) (end 13.8 -13.875) (layer Cmts.User) (width 0.1))
    (fp_line (start 13.8 -13.875) (end 13.6 -14.075) (layer Cmts.User) (width 0.1))
    (fp_line (start 13.8 -13.875) (end 13.6 -13.675) (layer Cmts.User) (width 0.1))
    (fp_line (start 9.2 -13.875) (end 9.4 -14.075) (layer Cmts.User) (width 0.1))
    (fp_line (start 9.2 -13.875) (end 9.4 -13.675) (layer Cmts.User) (width 0.1))
    (fp_line (start -13.8 -13.875) (end -13.6 -14.075) (layer Cmts.User) (width 0.1))
    (fp_line (start -13.8 -13.875) (end -13.6 -13.675) (layer Cmts.User) (width 0.1))
    (fp_line (start -9.2 -13.875) (end -9.4 -13.675) (layer Cmts.User) (width 0.1))
    (fp_line (start -13.8 -13.875) (end -9.2 -13.875) (layer Cmts.User) (width 0.1))
    (fp_line (start -9.2 -13.875) (end -9.4 -14.075) (layer Cmts.User) (width 0.1))
    (fp_line (start 8.4 -16) (end 8.2 -16.2) (layer Cmts.User) (width 0.1))
    (fp_line (start 8.4 -16) (end 8.6 -16.2) (layer Cmts.User) (width 0.1))
    (fp_line (start 8.4 -20.6) (end 8.6 -20.4) (layer Cmts.User) (width 0.1))
    (fp_line (start 8.4 -16) (end 8.4 -20.6) (layer Cmts.User) (width 0.1))
    (fp_line (start 8.4 -20.6) (end 8.2 -20.4) (layer Cmts.User) (width 0.1))
    (fp_line (start -9.12 9.1) (end -9.12 9.88) (layer F.SilkS) (width 0.12))
    (fp_line (start -9.12 9.88) (end -8.12 9.88) (layer F.SilkS) (width 0.12))
    (fp_line (start 9.12 9.1) (end 9.12 9.88) (layer F.SilkS) (width 0.12))
    (fp_line (start 9.12 9.88) (end 8.12 9.88) (layer F.SilkS) (width 0.12))
    (fp_line (start -9.12 -15.865) (end 9.12 -15.865) (layer F.SilkS) (width 0.12))
    (fp_line (start 9.12 -15.865) (end 9.12 -9.445) (layer F.SilkS) (width 0.12))
    (fp_line (start -9.12 -15.865) (end -9.12 -9.445) (layer F.SilkS) (width 0.12))
    (fp_line (start -9.12 -9.445) (end -9.5 -9.445) (layer F.SilkS) (width 0.12))
    (fp_text user %R (at 0 0) (layer F.Fab)
      (effects (font (size 1 1) (thickness 0.15)))
    )
    (fp_text user "KEEP-OUT ZONE" (at 0 -19) (layer Cmts.User)
      (effects (font (size 1 1) (thickness 0.15)))
    )
    (fp_text user Antenna (at 0 -13) (layer Cmts.User)
      (effects (font (size 1 1) (thickness 0.15)))
    )
    (fp_text user "5 mm" (at 11.8 -14.375) (layer Cmts.User)
      (effects (font (size 0.5 0.5) (thickness 0.1)))
    )
    (fp_text user "5 mm" (at -11.2 -14.375) (layer Cmts.User)
      (effects (font (size 0.5 0.5) (thickness 0.1)))
    )
    (fp_text user "5 mm" (at 7.8 -19.075 90) (layer Cmts.User)
      (effects (font (size 0.5 0.5) (thickness 0.1)))
    )
    (pad 39 smd rect (at -1 -0.755) (size 5 5) (layers F.Cu F.Paste F.Mask)
      (net 1 GND))
    (pad 1 smd rect (at -8.5 -8.255) (size 2 0.9) (layers F.Cu F.Paste F.Mask)
      (net 1 GND))
    (pad 2 smd rect (at -8.5 -6.985) (size 2 0.9) (layers F.Cu F.Paste F.Mask)
      (net 3 /VDD33))
    (pad 3 smd rect (at -8.5 -5.715) (size 2 0.9) (layers F.Cu F.Paste F.Mask)
      (net 5 /EN))
    (pad 4 smd rect (at -8.5 -4.445) (size 2 0.9) (layers F.Cu F.Paste F.Mask)
      (net 48 /SENSOR_VP))
    (pad 5 smd rect (at -8.5 -3.175) (size 2 0.9) (layers F.Cu F.Paste F.Mask)
      (net 47 /SENSOR_VN))
    (pad 6 smd rect (at -8.5 -1.905) (size 2 0.9) (layers F.Cu F.Paste F.Mask)
      (net 46 /IO34))
    (pad 7 smd rect (at -8.5 -0.635) (size 2 0.9) (layers F.Cu F.Paste F.Mask)
      (net 45 /IO35))
    (pad 8 smd rect (at -8.5 0.635) (size 2 0.9) (layers F.Cu F.Paste F.Mask)
      (net 44 /IO32))
    (pad 9 smd rect (at -8.5 1.905) (size 2 0.9) (layers F.Cu F.Paste F.Mask)
      (net 43 /IO33))
    (pad 10 smd rect (at -8.5 3.175) (size 2 0.9) (layers F.Cu F.Paste F.Mask)
      (net 42 /IO25))
    (pad 11 smd rect (at -8.5 4.445) (size 2 0.9) (layers F.Cu F.Paste F.Mask)
      (net 41 /IO26))
    (pad 12 smd rect (at -8.5 5.715) (size 2 0.9) (layers F.Cu F.Paste F.Mask)
      (net 40 /IO27))
    (pad 13 smd rect (at -8.5 6.985) (size 2 0.9) (layers F.Cu F.Paste F.Mask)
      (net 39 /IO14))
    (pad 14 smd rect (at -8.5 8.255) (size 2 0.9) (layers F.Cu F.Paste F.Mask)
      (net 38 /IO12))
    (pad 15 smd rect (at -5.715 9.255 90) (size 2 0.9) (layers F.Cu F.Paste F.Mask)
      (net 1 GND))
    (pad 16 smd rect (at -4.445 9.255 90) (size 2 0.9) (layers F.Cu F.Paste F.Mask)
      (net 37 /IO13))
    (pad 17 smd rect (at -3.175 9.255 90) (size 2 0.9) (layers F.Cu F.Paste F.Mask)
      (net 36 /SD2))
    (pad 18 smd rect (at -1.905 9.255 90) (size 2 0.9) (layers F.Cu F.Paste F.Mask)
      (net 35 /SD3))
    (pad 19 smd rect (at -0.635 9.255 90) (size 2 0.9) (layers F.Cu F.Paste F.Mask)
      (net 34 /CMD))
    (pad 20 smd rect (at 0.635 9.255 90) (size 2 0.9) (layers F.Cu F.Paste F.Mask)
      (net 64 /CLK))
    (pad 21 smd rect (at 1.905 9.255 90) (size 2 0.9) (layers F.Cu F.Paste F.Mask)
      (net 63 /SD0))
    (pad 22 smd rect (at 3.175 9.255 90) (size 2 0.9) (layers F.Cu F.Paste F.Mask)
      (net 62 /SD1))
    (pad 23 smd rect (at 4.445 9.255 90) (size 2 0.9) (layers F.Cu F.Paste F.Mask)
      (net 61 /IO15))
    (pad 24 smd rect (at 5.715 9.255 90) (size 2 0.9) (layers F.Cu F.Paste F.Mask)
      (net 60 /IO2))
    (pad 25 smd rect (at 8.5 8.255) (size 2 0.9) (layers F.Cu F.Paste F.Mask)
      (net 4 /IO0))
    (pad 26 smd rect (at 8.5 6.985) (size 2 0.9) (layers F.Cu F.Paste F.Mask)
      (net 59 /IO4))
    (pad 27 smd rect (at 8.5 5.715) (size 2 0.9) (layers F.Cu F.Paste F.Mask)
      (net 58 /IO16))
    (pad 28 smd rect (at 8.5 4.445) (size 2 0.9) (layers F.Cu F.Paste F.Mask)
      (net 57 /IO17))
    (pad 29 smd rect (at 8.5 3.175) (size 2 0.9) (layers F.Cu F.Paste F.Mask)
      (net 56 /IO5))
    (pad 30 smd rect (at 8.5 1.905) (size 2 0.9) (layers F.Cu F.Paste F.Mask)
      (net 55 /IO18))
    (pad 31 smd rect (at 8.5 0.635) (size 2 0.9) (layers F.Cu F.Paste F.Mask)
      (net 54 /IO19))
    (pad 32 smd rect (at 8.5 -0.635) (size 2 0.9) (layers F.Cu F.Paste F.Mask)
      (net 67 "Net-(U1-Pad32)"))
    (pad 33 smd rect (at 8.5 -1.905) (size 2 0.9) (layers F.Cu F.Paste F.Mask)
      (net 53 /IO21))
    (pad 34 smd rect (at 8.5 -3.175) (size 2 0.9) (layers F.Cu F.Paste F.Mask)
      (net 52 /RXD0))
    (pad 35 smd rect (at 8.5 -4.445) (size 2 0.9) (layers F.Cu F.Paste F.Mask)
      (net 51 /TXD0))
    (pad 36 smd rect (at 8.5 -5.715) (size 2 0.9) (layers F.Cu F.Paste F.Mask)
      (net 50 /IO22))
    (pad 37 smd rect (at 8.5 -6.985) (size 2 0.9) (layers F.Cu F.Paste F.Mask)
      (net 49 /IO23))
    (pad 38 smd rect (at 8.5 -8.255) (size 2 0.9) (layers F.Cu F.Paste F.Mask)
      (net 1 GND))
    (model ${KISYS3DMOD}/RF_Module.3dshapes/ESP32-WROOM-32.wrl
      (at (xyz 0 0 0))
      (scale (xyz 1 1 1))
      (rotate (xyz 0 0 0))
    )
  )

  (module Resistor_SMD:R_0805_2012Metric (layer F.Cu) (tedit 5F68FEEE) (tstamp 6136A9A2)
    (at 161.29 100.33 270)
    (descr "Resistor SMD 0805 (2012 Metric), square (rectangular) end terminal, IPC_7351 nominal, (Body size source: IPC-SM-782 page 72, https://www.pcb-3d.com/wordpress/wp-content/uploads/ipc-sm-782a_amendment_1_and_2.pdf), generated with kicad-footprint-generator")
    (tags resistor)
    (path /61417A9E)
    (attr smd)
    (fp_text reference R7 (at 0 -1.65 90) (layer F.SilkS)
      (effects (font (size 1 1) (thickness 0.15)))
    )
    (fp_text value "10k(5%)(NC)" (at 0 1.65 90) (layer F.Fab)
      (effects (font (size 1 1) (thickness 0.15)))
    )
    (fp_line (start 1.68 0.95) (end -1.68 0.95) (layer F.CrtYd) (width 0.05))
    (fp_line (start 1.68 -0.95) (end 1.68 0.95) (layer F.CrtYd) (width 0.05))
    (fp_line (start -1.68 -0.95) (end 1.68 -0.95) (layer F.CrtYd) (width 0.05))
    (fp_line (start -1.68 0.95) (end -1.68 -0.95) (layer F.CrtYd) (width 0.05))
    (fp_line (start -0.227064 0.735) (end 0.227064 0.735) (layer F.SilkS) (width 0.12))
    (fp_line (start -0.227064 -0.735) (end 0.227064 -0.735) (layer F.SilkS) (width 0.12))
    (fp_line (start 1 0.625) (end -1 0.625) (layer F.Fab) (width 0.1))
    (fp_line (start 1 -0.625) (end 1 0.625) (layer F.Fab) (width 0.1))
    (fp_line (start -1 -0.625) (end 1 -0.625) (layer F.Fab) (width 0.1))
    (fp_line (start -1 0.625) (end -1 -0.625) (layer F.Fab) (width 0.1))
    (fp_text user %R (at 0 0 90) (layer F.Fab)
      (effects (font (size 0.5 0.5) (thickness 0.08)))
    )
    (pad 2 smd roundrect (at 0.9125 0 270) (size 1.025 1.4) (layers F.Cu F.Paste F.Mask) (roundrect_rratio 0.243902)
      (net 3 /VDD33))
    (pad 1 smd roundrect (at -0.9125 0 270) (size 1.025 1.4) (layers F.Cu F.Paste F.Mask) (roundrect_rratio 0.243902)
      (net 5 /EN))
    (model ${KISYS3DMOD}/Resistor_SMD.3dshapes/R_0805_2012Metric.wrl
      (at (xyz 0 0 0))
      (scale (xyz 1 1 1))
      (rotate (xyz 0 0 0))
    )
  )

  (module Connector_PinHeader_2.54mm:PinHeader_1x19_P2.54mm_Vertical (layer B.Cu) (tedit 59FED5CC) (tstamp 61364B85)
    (at 155.067 67.564 180)
    (descr "Through hole straight pin header, 1x19, 2.54mm pitch, single row")
    (tags "Through hole pin header THT 1x19 2.54mm single row")
    (path /6153A8E6)
    (fp_text reference J2 (at 0 2.33) (layer B.SilkS)
      (effects (font (size 1 1) (thickness 0.15)) (justify mirror))
    )
    (fp_text value Conn_01x19_Male (at 0 -48.05) (layer B.Fab)
      (effects (font (size 1 1) (thickness 0.15)) (justify mirror))
    )
    (fp_line (start -0.635 1.27) (end 1.27 1.27) (layer B.Fab) (width 0.1))
    (fp_line (start 1.27 1.27) (end 1.27 -46.99) (layer B.Fab) (width 0.1))
    (fp_line (start 1.27 -46.99) (end -1.27 -46.99) (layer B.Fab) (width 0.1))
    (fp_line (start -1.27 -46.99) (end -1.27 0.635) (layer B.Fab) (width 0.1))
    (fp_line (start -1.27 0.635) (end -0.635 1.27) (layer B.Fab) (width 0.1))
    (fp_line (start -1.33 -47.05) (end 1.33 -47.05) (layer B.SilkS) (width 0.12))
    (fp_line (start -1.33 -1.27) (end -1.33 -47.05) (layer B.SilkS) (width 0.12))
    (fp_line (start 1.33 -1.27) (end 1.33 -47.05) (layer B.SilkS) (width 0.12))
    (fp_line (start -1.33 -1.27) (end 1.33 -1.27) (layer B.SilkS) (width 0.12))
    (fp_line (start -1.33 0) (end -1.33 1.33) (layer B.SilkS) (width 0.12))
    (fp_line (start -1.33 1.33) (end 0 1.33) (layer B.SilkS) (width 0.12))
    (fp_line (start -1.8 1.8) (end -1.8 -47.5) (layer B.CrtYd) (width 0.05))
    (fp_line (start -1.8 -47.5) (end 1.8 -47.5) (layer B.CrtYd) (width 0.05))
    (fp_line (start 1.8 -47.5) (end 1.8 1.8) (layer B.CrtYd) (width 0.05))
    (fp_line (start 1.8 1.8) (end -1.8 1.8) (layer B.CrtYd) (width 0.05))
    (fp_text user %R (at 0 -22.86 270) (layer B.Fab)
      (effects (font (size 1 1) (thickness 0.15)) (justify mirror))
    )
    (pad 19 thru_hole oval (at 0 -45.72 180) (size 1.7 1.7) (drill 1) (layers *.Cu *.Mask)
      (net 2 +5V))
    (pad 18 thru_hole oval (at 0 -43.18 180) (size 1.7 1.7) (drill 1) (layers *.Cu *.Mask)
      (net 34 /CMD))
    (pad 17 thru_hole oval (at 0 -40.64 180) (size 1.7 1.7) (drill 1) (layers *.Cu *.Mask)
      (net 35 /SD3))
    (pad 16 thru_hole oval (at 0 -38.1 180) (size 1.7 1.7) (drill 1) (layers *.Cu *.Mask)
      (net 36 /SD2))
    (pad 15 thru_hole oval (at 0 -35.56 180) (size 1.7 1.7) (drill 1) (layers *.Cu *.Mask)
      (net 37 /IO13))
    (pad 14 thru_hole oval (at 0 -33.02 180) (size 1.7 1.7) (drill 1) (layers *.Cu *.Mask)
      (net 1 GND))
    (pad 13 thru_hole oval (at 0 -30.48 180) (size 1.7 1.7) (drill 1) (layers *.Cu *.Mask)
      (net 38 /IO12))
    (pad 12 thru_hole oval (at 0 -27.94 180) (size 1.7 1.7) (drill 1) (layers *.Cu *.Mask)
      (net 39 /IO14))
    (pad 11 thru_hole oval (at 0 -25.4 180) (size 1.7 1.7) (drill 1) (layers *.Cu *.Mask)
      (net 40 /IO27))
    (pad 10 thru_hole oval (at 0 -22.86 180) (size 1.7 1.7) (drill 1) (layers *.Cu *.Mask)
      (net 41 /IO26))
    (pad 9 thru_hole oval (at 0 -20.32 180) (size 1.7 1.7) (drill 1) (layers *.Cu *.Mask)
      (net 42 /IO25))
    (pad 8 thru_hole oval (at 0 -17.78 180) (size 1.7 1.7) (drill 1) (layers *.Cu *.Mask)
      (net 43 /IO33))
    (pad 7 thru_hole oval (at 0 -15.24 180) (size 1.7 1.7) (drill 1) (layers *.Cu *.Mask)
      (net 44 /IO32))
    (pad 6 thru_hole oval (at 0 -12.7 180) (size 1.7 1.7) (drill 1) (layers *.Cu *.Mask)
      (net 45 /IO35))
    (pad 5 thru_hole oval (at 0 -10.16 180) (size 1.7 1.7) (drill 1) (layers *.Cu *.Mask)
      (net 46 /IO34))
    (pad 4 thru_hole oval (at 0 -7.62 180) (size 1.7 1.7) (drill 1) (layers *.Cu *.Mask)
      (net 47 /SENSOR_VN))
    (pad 3 thru_hole oval (at 0 -5.08 180) (size 1.7 1.7) (drill 1) (layers *.Cu *.Mask)
      (net 48 /SENSOR_VP))
    (pad 2 thru_hole oval (at 0 -2.54 180) (size 1.7 1.7) (drill 1) (layers *.Cu *.Mask)
      (net 5 /EN))
    (pad 1 thru_hole rect (at 0 0 180) (size 1.7 1.7) (drill 1) (layers *.Cu *.Mask)
      (net 3 /VDD33))
    (model ${KISYS3DMOD}/Connector_PinHeader_2.54mm.3dshapes/PinHeader_1x19_P2.54mm_Vertical.wrl
      (at (xyz 0 0 0))
      (scale (xyz 1 1 1))
      (rotate (xyz 0 0 0))
    )
  )

  (module MountingHole:MountingHole_2.5mm (layer F.Cu) (tedit 56D1B4CB) (tstamp 613672C6)
    (at 182.88 118.11)
    (descr "Mounting Hole 2.5mm, no annular")
    (tags "mounting hole 2.5mm no annular")
    (attr virtual)
    (fp_text reference REF** (at 0 -3.5) (layer F.SilkS)
      (effects (font (size 1 1) (thickness 0.15)))
    )
    (fp_text value MountingHole_2.5mm (at 0 3.5) (layer F.Fab)
      (effects (font (size 1 1) (thickness 0.15)))
    )
    (fp_circle (center 0 0) (end 2.75 0) (layer F.CrtYd) (width 0.05))
    (fp_circle (center 0 0) (end 2.5 0) (layer Cmts.User) (width 0.15))
    (fp_text user %R (at 0.3 0) (layer F.Fab)
      (effects (font (size 1 0.5) (thickness 0.125)))
    )
    (pad 1 np_thru_hole circle (at 0 0) (size 2.5 2.5) (drill 2.5) (layers *.Cu *.Mask))
  )

  (module MountingHole:MountingHole_2.5mm (layer F.Cu) (tedit 56D1B4CB) (tstamp 613672B8)
    (at 154.94 118.11)
    (descr "Mounting Hole 2.5mm, no annular")
    (tags "mounting hole 2.5mm no annular")
    (attr virtual)
    (fp_text reference REF** (at 0.127 -0.127) (layer F.SilkS)
      (effects (font (size 1 0.5) (thickness 0.125)))
    )
    (fp_text value MountingHole_2.5mm (at 0 3.5) (layer F.Fab)
      (effects (font (size 1 1) (thickness 0.15)))
    )
    (fp_circle (center 0 0) (end 2.5 0) (layer Cmts.User) (width 0.15))
    (fp_circle (center 0 0) (end 2.75 0) (layer F.CrtYd) (width 0.05))
    (pad 1 np_thru_hole circle (at 0 0) (size 2.5 2.5) (drill 2.5) (layers *.Cu *.Mask))
  )

  (module MountingHole:MountingHole_2.5mm (layer F.Cu) (tedit 56D1B4CB) (tstamp 613672AA)
    (at 154.94 62.23)
    (descr "Mounting Hole 2.5mm, no annular")
    (tags "mounting hole 2.5mm no annular")
    (attr virtual)
    (fp_text reference REF** (at 0 0.127) (layer F.SilkS)
      (effects (font (size 0.5 0.5) (thickness 0.125)))
    )
    (fp_text value MountingHole_2.5mm (at 0 3.5) (layer F.Fab)
      (effects (font (size 1 1) (thickness 0.15)))
    )
    (fp_circle (center 0 0) (end 2.75 0) (layer F.CrtYd) (width 0.05))
    (fp_circle (center 0 0) (end 2.5 0) (layer Cmts.User) (width 0.15))
    (fp_text user %R (at 0.3 0) (layer F.Fab)
      (effects (font (size 1 1) (thickness 0.15)))
    )
    (pad 1 np_thru_hole circle (at 0 0) (size 2.5 2.5) (drill 2.5) (layers *.Cu *.Mask))
  )

  (module MountingHole:MountingHole_2.5mm (layer F.Cu) (tedit 56D1B4CB) (tstamp 6136728F)
    (at 182.88 62.23)
    (descr "Mounting Hole 2.5mm, no annular")
    (tags "mounting hole 2.5mm no annular")
    (attr virtual)
    (fp_text reference REF** (at 0.127 0.127) (layer F.SilkS)
      (effects (font (size 0.5 0.5) (thickness 0.125)))
    )
    (fp_text value MountingHole_2.5mm (at 0 3.5) (layer F.Fab)
      (effects (font (size 1 1) (thickness 0.15)))
    )
    (fp_circle (center 0 0) (end 2.5 0) (layer Cmts.User) (width 0.15))
    (fp_circle (center 0 0) (end 2.75 0) (layer F.CrtYd) (width 0.05))
    (fp_text user %R (at 0.3 0) (layer F.Fab)
      (effects (font (size 1 1) (thickness 0.15)))
    )
    (pad 1 np_thru_hole circle (at 0 0) (size 2.5 2.5) (drill 2.5) (layers *.Cu *.Mask))
  )

  (module Capacitor_SMD:C_0805_2012Metric (layer F.Cu) (tedit 5F68FEEE) (tstamp 6136A760)
    (at 162.56 95.57 270)
    (descr "Capacitor SMD 0805 (2012 Metric), square (rectangular) end terminal, IPC_7351 nominal, (Body size source: IPC-SM-782 page 76, https://www.pcb-3d.com/wordpress/wp-content/uploads/ipc-sm-782a_amendment_1_and_2.pdf, https://docs.google.com/spreadsheets/d/1BsfQQcO9C6DZCsRaXUlFlo91Tg2WpOkGARC1WS5S8t0/edit?usp=sharing), generated with kicad-footprint-generator")
    (tags capacitor)
    (path /614A942A)
    (attr smd)
    (fp_text reference C1 (at 0 -1.68 90) (layer F.SilkS)
      (effects (font (size 1 1) (thickness 0.15)))
    )
    (fp_text value "22uF/10V(20%)" (at 0 1.68 90) (layer F.Fab)
      (effects (font (size 1 1) (thickness 0.15)))
    )
    (fp_line (start 1.7 0.98) (end -1.7 0.98) (layer F.CrtYd) (width 0.05))
    (fp_line (start 1.7 -0.98) (end 1.7 0.98) (layer F.CrtYd) (width 0.05))
    (fp_line (start -1.7 -0.98) (end 1.7 -0.98) (layer F.CrtYd) (width 0.05))
    (fp_line (start -1.7 0.98) (end -1.7 -0.98) (layer F.CrtYd) (width 0.05))
    (fp_line (start -0.261252 0.735) (end 0.261252 0.735) (layer F.SilkS) (width 0.12))
    (fp_line (start -0.261252 -0.735) (end 0.261252 -0.735) (layer F.SilkS) (width 0.12))
    (fp_line (start 1 0.625) (end -1 0.625) (layer F.Fab) (width 0.1))
    (fp_line (start 1 -0.625) (end 1 0.625) (layer F.Fab) (width 0.1))
    (fp_line (start -1 -0.625) (end 1 -0.625) (layer F.Fab) (width 0.1))
    (fp_line (start -1 0.625) (end -1 -0.625) (layer F.Fab) (width 0.1))
    (fp_text user %R (at 0 0 90) (layer F.Fab)
      (effects (font (size 0.5 0.5) (thickness 0.08)))
    )
    (pad 2 smd roundrect (at 0.95 0 270) (size 1 1.45) (layers F.Cu F.Paste F.Mask) (roundrect_rratio 0.25)
      (net 1 GND))
    (pad 1 smd roundrect (at -0.95 0 270) (size 1 1.45) (layers F.Cu F.Paste F.Mask) (roundrect_rratio 0.25)
      (net 2 +5V))
    (model ${KISYS3DMOD}/Capacitor_SMD.3dshapes/C_0805_2012Metric.wrl
      (at (xyz 0 0 0))
      (scale (xyz 1 1 1))
      (rotate (xyz 0 0 0))
    )
  )

  (module Capacitor_SMD:C_0805_2012Metric (layer F.Cu) (tedit 5F68FEEE) (tstamp 6136A771)
    (at 167.64 95.57 270)
    (descr "Capacitor SMD 0805 (2012 Metric), square (rectangular) end terminal, IPC_7351 nominal, (Body size source: IPC-SM-782 page 76, https://www.pcb-3d.com/wordpress/wp-content/uploads/ipc-sm-782a_amendment_1_and_2.pdf, https://docs.google.com/spreadsheets/d/1BsfQQcO9C6DZCsRaXUlFlo91Tg2WpOkGARC1WS5S8t0/edit?usp=sharing), generated with kicad-footprint-generator")
    (tags capacitor)
    (path /6150287B)
    (attr smd)
    (fp_text reference C2 (at 0 -1.68 90) (layer F.SilkS)
      (effects (font (size 1 1) (thickness 0.15)))
    )
    (fp_text value "22uF/10V(20%)" (at 0 1.68 90) (layer F.Fab)
      (effects (font (size 1 1) (thickness 0.15)))
    )
    (fp_line (start -1 0.625) (end -1 -0.625) (layer F.Fab) (width 0.1))
    (fp_line (start -1 -0.625) (end 1 -0.625) (layer F.Fab) (width 0.1))
    (fp_line (start 1 -0.625) (end 1 0.625) (layer F.Fab) (width 0.1))
    (fp_line (start 1 0.625) (end -1 0.625) (layer F.Fab) (width 0.1))
    (fp_line (start -0.261252 -0.735) (end 0.261252 -0.735) (layer F.SilkS) (width 0.12))
    (fp_line (start -0.261252 0.735) (end 0.261252 0.735) (layer F.SilkS) (width 0.12))
    (fp_line (start -1.7 0.98) (end -1.7 -0.98) (layer F.CrtYd) (width 0.05))
    (fp_line (start -1.7 -0.98) (end 1.7 -0.98) (layer F.CrtYd) (width 0.05))
    (fp_line (start 1.7 -0.98) (end 1.7 0.98) (layer F.CrtYd) (width 0.05))
    (fp_line (start 1.7 0.98) (end -1.7 0.98) (layer F.CrtYd) (width 0.05))
    (fp_text user %R (at 0 0 90) (layer F.Fab)
      (effects (font (size 0.5 0.5) (thickness 0.08)))
    )
    (pad 1 smd roundrect (at -0.95 0 270) (size 1 1.45) (layers F.Cu F.Paste F.Mask) (roundrect_rratio 0.25)
      (net 3 /VDD33))
    (pad 2 smd roundrect (at 0.95 0 270) (size 1 1.45) (layers F.Cu F.Paste F.Mask) (roundrect_rratio 0.25)
      (net 1 GND))
    (model ${KISYS3DMOD}/Capacitor_SMD.3dshapes/C_0805_2012Metric.wrl
      (at (xyz 0 0 0))
      (scale (xyz 1 1 1))
      (rotate (xyz 0 0 0))
    )
  )

  (module Capacitor_SMD:C_0805_2012Metric (layer F.Cu) (tedit 5F68FEEE) (tstamp 6136F96B)
    (at 165.1 110.17 270)
    (descr "Capacitor SMD 0805 (2012 Metric), square (rectangular) end terminal, IPC_7351 nominal, (Body size source: IPC-SM-782 page 76, https://www.pcb-3d.com/wordpress/wp-content/uploads/ipc-sm-782a_amendment_1_and_2.pdf, https://docs.google.com/spreadsheets/d/1BsfQQcO9C6DZCsRaXUlFlo91Tg2WpOkGARC1WS5S8t0/edit?usp=sharing), generated with kicad-footprint-generator")
    (tags capacitor)
    (path /61378552)
    (attr smd)
    (fp_text reference C3 (at 0 -1.68 90) (layer F.SilkS)
      (effects (font (size 1 1) (thickness 0.15)))
    )
    (fp_text value "4.7uF/6.3V(10%)" (at 0 1.68 90) (layer F.Fab)
      (effects (font (size 1 1) (thickness 0.15)))
    )
    (fp_line (start -1 0.625) (end -1 -0.625) (layer F.Fab) (width 0.1))
    (fp_line (start -1 -0.625) (end 1 -0.625) (layer F.Fab) (width 0.1))
    (fp_line (start 1 -0.625) (end 1 0.625) (layer F.Fab) (width 0.1))
    (fp_line (start 1 0.625) (end -1 0.625) (layer F.Fab) (width 0.1))
    (fp_line (start -0.261252 -0.735) (end 0.261252 -0.735) (layer F.SilkS) (width 0.12))
    (fp_line (start -0.261252 0.735) (end 0.261252 0.735) (layer F.SilkS) (width 0.12))
    (fp_line (start -1.7 0.98) (end -1.7 -0.98) (layer F.CrtYd) (width 0.05))
    (fp_line (start -1.7 -0.98) (end 1.7 -0.98) (layer F.CrtYd) (width 0.05))
    (fp_line (start 1.7 -0.98) (end 1.7 0.98) (layer F.CrtYd) (width 0.05))
    (fp_line (start 1.7 0.98) (end -1.7 0.98) (layer F.CrtYd) (width 0.05))
    (fp_text user %R (at 0 0 90) (layer F.Fab)
      (effects (font (size 0.5 0.5) (thickness 0.08)))
    )
    (pad 1 smd roundrect (at -0.95 0 270) (size 1 1.45) (layers F.Cu F.Paste F.Mask) (roundrect_rratio 0.25)
      (net 3 /VDD33))
    (pad 2 smd roundrect (at 0.95 0 270) (size 1 1.45) (layers F.Cu F.Paste F.Mask) (roundrect_rratio 0.25)
      (net 1 GND))
    (model ${KISYS3DMOD}/Capacitor_SMD.3dshapes/C_0805_2012Metric.wrl
      (at (xyz 0 0 0))
      (scale (xyz 1 1 1))
      (rotate (xyz 0 0 0))
    )
  )

  (module Capacitor_SMD:C_0805_2012Metric (layer F.Cu) (tedit 5F68FEEE) (tstamp 6136A793)
    (at 161.29 111.76 180)
    (descr "Capacitor SMD 0805 (2012 Metric), square (rectangular) end terminal, IPC_7351 nominal, (Body size source: IPC-SM-782 page 76, https://www.pcb-3d.com/wordpress/wp-content/uploads/ipc-sm-782a_amendment_1_and_2.pdf, https://docs.google.com/spreadsheets/d/1BsfQQcO9C6DZCsRaXUlFlo91Tg2WpOkGARC1WS5S8t0/edit?usp=sharing), generated with kicad-footprint-generator")
    (tags capacitor)
    (path /61437E01)
    (attr smd)
    (fp_text reference C4 (at 0 -1.68) (layer F.SilkS)
      (effects (font (size 1 1) (thickness 0.15)))
    )
    (fp_text value "0.1uF/50V(10%)(NC)" (at 0 1.68) (layer F.Fab)
      (effects (font (size 1 1) (thickness 0.15)))
    )
    (fp_line (start -1 0.625) (end -1 -0.625) (layer F.Fab) (width 0.1))
    (fp_line (start -1 -0.625) (end 1 -0.625) (layer F.Fab) (width 0.1))
    (fp_line (start 1 -0.625) (end 1 0.625) (layer F.Fab) (width 0.1))
    (fp_line (start 1 0.625) (end -1 0.625) (layer F.Fab) (width 0.1))
    (fp_line (start -0.261252 -0.735) (end 0.261252 -0.735) (layer F.SilkS) (width 0.12))
    (fp_line (start -0.261252 0.735) (end 0.261252 0.735) (layer F.SilkS) (width 0.12))
    (fp_line (start -1.7 0.98) (end -1.7 -0.98) (layer F.CrtYd) (width 0.05))
    (fp_line (start -1.7 -0.98) (end 1.7 -0.98) (layer F.CrtYd) (width 0.05))
    (fp_line (start 1.7 -0.98) (end 1.7 0.98) (layer F.CrtYd) (width 0.05))
    (fp_line (start 1.7 0.98) (end -1.7 0.98) (layer F.CrtYd) (width 0.05))
    (fp_text user %R (at 0 0) (layer F.Fab)
      (effects (font (size 0.5 0.5) (thickness 0.08)))
    )
    (pad 1 smd roundrect (at -0.95 0 180) (size 1 1.45) (layers F.Cu F.Paste F.Mask) (roundrect_rratio 0.25)
      (net 1 GND))
    (pad 2 smd roundrect (at 0.95 0 180) (size 1 1.45) (layers F.Cu F.Paste F.Mask) (roundrect_rratio 0.25)
      (net 4 /IO0))
    (model ${KISYS3DMOD}/Capacitor_SMD.3dshapes/C_0805_2012Metric.wrl
      (at (xyz 0 0 0))
      (scale (xyz 1 1 1))
      (rotate (xyz 0 0 0))
    )
  )

  (module Capacitor_SMD:C_0805_2012Metric (layer F.Cu) (tedit 5F68FEEE) (tstamp 6136A7A4)
    (at 165.1 105.41 270)
    (descr "Capacitor SMD 0805 (2012 Metric), square (rectangular) end terminal, IPC_7351 nominal, (Body size source: IPC-SM-782 page 76, https://www.pcb-3d.com/wordpress/wp-content/uploads/ipc-sm-782a_amendment_1_and_2.pdf, https://docs.google.com/spreadsheets/d/1BsfQQcO9C6DZCsRaXUlFlo91Tg2WpOkGARC1WS5S8t0/edit?usp=sharing), generated with kicad-footprint-generator")
    (tags capacitor)
    (path /61378B82)
    (attr smd)
    (fp_text reference C5 (at 0 -1.68 90) (layer F.SilkS)
      (effects (font (size 1 1) (thickness 0.15)))
    )
    (fp_text value "0.1uF/50V(10%)" (at 0 1.68 90) (layer F.Fab)
      (effects (font (size 1 1) (thickness 0.15)))
    )
    (fp_line (start -1 0.625) (end -1 -0.625) (layer F.Fab) (width 0.1))
    (fp_line (start -1 -0.625) (end 1 -0.625) (layer F.Fab) (width 0.1))
    (fp_line (start 1 -0.625) (end 1 0.625) (layer F.Fab) (width 0.1))
    (fp_line (start 1 0.625) (end -1 0.625) (layer F.Fab) (width 0.1))
    (fp_line (start -0.261252 -0.735) (end 0.261252 -0.735) (layer F.SilkS) (width 0.12))
    (fp_line (start -0.261252 0.735) (end 0.261252 0.735) (layer F.SilkS) (width 0.12))
    (fp_line (start -1.7 0.98) (end -1.7 -0.98) (layer F.CrtYd) (width 0.05))
    (fp_line (start -1.7 -0.98) (end 1.7 -0.98) (layer F.CrtYd) (width 0.05))
    (fp_line (start 1.7 -0.98) (end 1.7 0.98) (layer F.CrtYd) (width 0.05))
    (fp_line (start 1.7 0.98) (end -1.7 0.98) (layer F.CrtYd) (width 0.05))
    (fp_text user %R (at 0 0 90) (layer F.Fab)
      (effects (font (size 0.5 0.5) (thickness 0.08)))
    )
    (pad 1 smd roundrect (at -0.95 0 270) (size 1 1.45) (layers F.Cu F.Paste F.Mask) (roundrect_rratio 0.25)
      (net 3 /VDD33))
    (pad 2 smd roundrect (at 0.95 0 270) (size 1 1.45) (layers F.Cu F.Paste F.Mask) (roundrect_rratio 0.25)
      (net 1 GND))
    (model ${KISYS3DMOD}/Capacitor_SMD.3dshapes/C_0805_2012Metric.wrl
      (at (xyz 0 0 0))
      (scale (xyz 1 1 1))
      (rotate (xyz 0 0 0))
    )
  )

  (module Capacitor_SMD:C_0805_2012Metric (layer F.Cu) (tedit 5F68FEEE) (tstamp 6136A7B5)
    (at 161.29 105.471 270)
    (descr "Capacitor SMD 0805 (2012 Metric), square (rectangular) end terminal, IPC_7351 nominal, (Body size source: IPC-SM-782 page 76, https://www.pcb-3d.com/wordpress/wp-content/uploads/ipc-sm-782a_amendment_1_and_2.pdf, https://docs.google.com/spreadsheets/d/1BsfQQcO9C6DZCsRaXUlFlo91Tg2WpOkGARC1WS5S8t0/edit?usp=sharing), generated with kicad-footprint-generator")
    (tags capacitor)
    (path /61418439)
    (attr smd)
    (fp_text reference C6 (at 0 -1.68 90) (layer F.SilkS)
      (effects (font (size 1 1) (thickness 0.15)))
    )
    (fp_text value "0.1uF/50V(10%)" (at 0 1.68 90) (layer F.Fab)
      (effects (font (size 1 1) (thickness 0.15)))
    )
    (fp_line (start 1.7 0.98) (end -1.7 0.98) (layer F.CrtYd) (width 0.05))
    (fp_line (start 1.7 -0.98) (end 1.7 0.98) (layer F.CrtYd) (width 0.05))
    (fp_line (start -1.7 -0.98) (end 1.7 -0.98) (layer F.CrtYd) (width 0.05))
    (fp_line (start -1.7 0.98) (end -1.7 -0.98) (layer F.CrtYd) (width 0.05))
    (fp_line (start -0.261252 0.735) (end 0.261252 0.735) (layer F.SilkS) (width 0.12))
    (fp_line (start -0.261252 -0.735) (end 0.261252 -0.735) (layer F.SilkS) (width 0.12))
    (fp_line (start 1 0.625) (end -1 0.625) (layer F.Fab) (width 0.1))
    (fp_line (start 1 -0.625) (end 1 0.625) (layer F.Fab) (width 0.1))
    (fp_line (start -1 -0.625) (end 1 -0.625) (layer F.Fab) (width 0.1))
    (fp_line (start -1 0.625) (end -1 -0.625) (layer F.Fab) (width 0.1))
    (fp_text user %R (at 0 0 90) (layer F.Fab)
      (effects (font (size 0.5 0.5) (thickness 0.08)))
    )
    (pad 2 smd roundrect (at 0.95 0 270) (size 1 1.45) (layers F.Cu F.Paste F.Mask) (roundrect_rratio 0.25)
      (net 1 GND))
    (pad 1 smd roundrect (at -0.95 0 270) (size 1 1.45) (layers F.Cu F.Paste F.Mask) (roundrect_rratio 0.25)
      (net 5 /EN))
    (model ${KISYS3DMOD}/Capacitor_SMD.3dshapes/C_0805_2012Metric.wrl
      (at (xyz 0 0 0))
      (scale (xyz 1 1 1))
      (rotate (xyz 0 0 0))
    )
  )

  (module Capacitor_SMD:C_0805_2012Metric (layer F.Cu) (tedit 5F68FEEE) (tstamp 6136A7C6)
    (at 172.72 86.36 180)
    (descr "Capacitor SMD 0805 (2012 Metric), square (rectangular) end terminal, IPC_7351 nominal, (Body size source: IPC-SM-782 page 76, https://www.pcb-3d.com/wordpress/wp-content/uploads/ipc-sm-782a_amendment_1_and_2.pdf, https://docs.google.com/spreadsheets/d/1BsfQQcO9C6DZCsRaXUlFlo91Tg2WpOkGARC1WS5S8t0/edit?usp=sharing), generated with kicad-footprint-generator")
    (tags capacitor)
    (path /613FE975)
    (attr smd)
    (fp_text reference C7 (at 0 -1.68) (layer F.SilkS)
      (effects (font (size 1 1) (thickness 0.15)))
    )
    (fp_text value "22uF/10V(20%)" (at 0 1.68) (layer F.Fab)
      (effects (font (size 1 1) (thickness 0.15)))
    )
    (fp_line (start -1 0.625) (end -1 -0.625) (layer F.Fab) (width 0.1))
    (fp_line (start -1 -0.625) (end 1 -0.625) (layer F.Fab) (width 0.1))
    (fp_line (start 1 -0.625) (end 1 0.625) (layer F.Fab) (width 0.1))
    (fp_line (start 1 0.625) (end -1 0.625) (layer F.Fab) (width 0.1))
    (fp_line (start -0.261252 -0.735) (end 0.261252 -0.735) (layer F.SilkS) (width 0.12))
    (fp_line (start -0.261252 0.735) (end 0.261252 0.735) (layer F.SilkS) (width 0.12))
    (fp_line (start -1.7 0.98) (end -1.7 -0.98) (layer F.CrtYd) (width 0.05))
    (fp_line (start -1.7 -0.98) (end 1.7 -0.98) (layer F.CrtYd) (width 0.05))
    (fp_line (start 1.7 -0.98) (end 1.7 0.98) (layer F.CrtYd) (width 0.05))
    (fp_line (start 1.7 0.98) (end -1.7 0.98) (layer F.CrtYd) (width 0.05))
    (fp_text user %R (at 0 0) (layer F.Fab)
      (effects (font (size 0.5 0.5) (thickness 0.08)))
    )
    (pad 1 smd roundrect (at -0.95 0 180) (size 1 1.45) (layers F.Cu F.Paste F.Mask) (roundrect_rratio 0.25)
      (net 3 /VDD33))
